  File: /data/mephi-web
  Size: 4096      	Blocks: 8          IO Block: 4096   directory
Device: 253,17	Inode: 2           Links: 3
Access: (2775/drwxrwsr-x)  Uid: ( 1000/mephi-admin)   Gid: ( 1000/mephi-devs)
Context: system_u:object_r:httpd_sys_content_t:s0
Access: 2026-04-13 21:35:46.999210839 +0400
Modify: 2026-04-13 23:19:32.389598916 +0400
Change: 2026-04-13 23:19:32.389598916 +0400
 Birth: 2026-04-13 20:30:46.000000000 +0400
